681
234
990
459
630
428
512
275
364
521
96
490
68
129
941
997
957
952
772
476
551
403
611
607
493
907
175
882
1
133
718
106
383
5
284
341
802
114
201
906
812
838
801
479
343
381
797
33
719
720
594
962
45
954
417
826
566
834
329
17
206
539
47
112
744
40
166
688
484
587
763
916
253
486
7
700
332
564
473
342
158
510
877
424
951
98
735
536
492
200
780
836
652
371
475
739
873
635
483
865
410
545
100
858
12
14
48
27
637
57
573
964
176
170
715
909
186
281
30
918
84
886
921
432
165
370
250
516
495
328
485
736
599
450
960
88
741
575
893
301
769
558
622
236
197
50
697
938
431
569
117
282
400
830
595
853
730
995
256
863
240
764
31
875
576
784
709
60
546
645
765
70
672
374
13
685
287
756
276
418
461
616
596
115
317
210
111
846
177
979
949
436
221
28
192
455
274
228
502
378
649
313
125
260
698
49
841
710
8
922
180
657
901
356
121
460
242
25
118
927
829
233
722
799
38
268
74
943
804
107
414
139
768
85
925
430
570
87
264
91
209
731
773
552
887
326
503
972
601
367
159
489
833
52
726
571
184
541
534
470
795
963
691
439
947
777
373
885
515
448
684
687
506
437
311
761
786
380
408
443
226
299
976
609
369
982
757
261
292
303
76
706
78
511
936
237
156
800
58
388
662
132
701
116
740
900
524
413
753
776
338
482
146
429
529
160
86
814
590
821
713
123
407
667
668
975
519
703
251
678
304
977
279
465
584
675
344
642
248
860
641
148
689
202
632
19
771
377
844
699
945
324
43
34
537
277
585
285
73
478
540
191
36
568
985
269
449
434
453
661
913
787
298
423
318
227
525
828
928
881
593
775
676
346
340
823
67
937
755
231
331
11
283
896
663
82
721
427
72
988
359
229
238
252
794
723
222
779
46
555
71
855
612
295
499
194
145
319
267
969
509
445
754
778
638
980
669
852
994
959
939
819
874
223
39
680
929
162
382
674
610
931
26
822
864
624
869
851
225
711
195
120
157
878
352
583
172
308
90
406
174
919
95
215
16
895
750
239
643
522
935
22
984
695
738
986
366
707
586
92
131
144
504
942
127
810
65
708
402
832
354
717
53
182
314
335
996
673
953
782
